# lon lat: life id birth gender mass age
34.9155 4.93459 : 1 1 -10 0 0 0
34.9155 4.93459 : 1 2 -10 1 0 0
34.9155 4.93459 : 1 3 -10 0 0 0
34.9155 4.93459 : 1 4 -10 1 0 0
34.9155 4.93459 : 1 5 -10 0 0 0
34.9155 4.93459 : 1 6 -10 1 0 0
34.9155 4.93459 : 1 7 -10 0 0 0
34.9155 4.93459 : 1 8 -10 1 0 0
34.9155 4.93459 : 1 9 -10 0 0 0
34.9155 4.93459 : 1 10 -10 0 0 0
34.9155 4.93459 : 1 11 -10 0 0 0
34.9155 4.93459 : 1 12 -10 1 0 0
34.9155 4.93459 : 1 13 -10 0 0 0
34.9155 4.93459 : 1 14 -10 1 0 0
34.9155 4.93459 : 1 15 -10 0 0 0
34.9155 4.93459 : 1 16 -10 1 0 0
34.9155 4.93459 : 1 17 -10 0 0 0
34.9155 4.93459 : 1 18 -10 1 0 0
34.9155 4.93459 : 1 19 -10 0 0 0
35.1869 4.93377 : 1 20 -10 1 0 0
35.1869 4.93377 : 1 21 -10 1 0 0
35.1869 4.93377 : 1 22 -10 1 0 0
35.1869 4.93377 : 1 23 -10 0 0 0
35.1869 4.93377 : 1 24 -10 1 0 0
35.1869 4.93377 : 1 25 -10 0 0 0
35.1869 4.93377 : 1 26 -10 1 0 0
35.1869 4.93377 : 1 27 -10 0 0 0
35.1869 4.93377 : 1 28 -10 1 0 0
35.1869 4.93377 : 1 29 -10 0 0 0
35.1869 4.93377 : 1 30 -10 1 0 0
35.1869 4.93377 : 1 31 -10 1 0 0
35.1869 4.93377 : 1 32 -10 1 0 0
35.1869 4.93377 : 1 33 -10 0 0 0
35.1869 4.93377 : 1 34 -10 1 0 0
35.1869 4.93377 : 1 35 -10 0 0 0
35.1869 4.93377 : 1 36 -10 1 0 0
35.1869 4.93377 : 1 37 -10 0 0 0
35.1869 4.93377 : 1 38 -10 1 0 0
35.1869 4.93377 : 1 39 -10 0 0 0
35.0512 5.16528 : 1 40 -10 1 0 0
35.0512 5.16528 : 1 41 -10 0 0 0
35.0512 5.16528 : 1 42 -10 1 0 0
35.0512 5.16528 : 1 43 -10 0 0 0
35.0512 5.16528 : 1 44 -10 1 0 0
35.0512 5.16528 : 1 45 -10 0 0 0
35.0512 5.16528 : 1 46 -10 1 0 0
35.0512 5.16528 : 1 47 -10 0 0 0
35.0512 5.16528 : 1 48 -10 1 0 0
35.0512 5.16528 : 1 49 -10 0 0 0
35.0512 5.16528 : 1 50 -10 0 0 0
35.0512 5.16528 : 1 51 -10 0 0 0
35.0512 5.16528 : 1 52 -10 1 0 0
35.0512 5.16528 : 1 53 -10 0 0 0
35.0512 5.16528 : 1 54 -10 1 0 0
35.0512 5.16528 : 1 55 -10 0 0 0
35.0512 5.16528 : 1 56 -10 1 0 0
35.0512 5.16528 : 1 57 -10 0 0 0
35.0512 5.16528 : 1 58 -10 1 0 0
35.0512 5.16528 : 1 59 -10 0 0 0
35.0512 5.16528 : 1 60 -10 1 0 0
34.7798 5.16580 : 1 61 -10 0 0 0
34.7798 5.16580 : 1 62 -10 1 0 0
34.7798 5.16580 : 1 63 -10 0 0 0
34.7798 5.16580 : 1 64 -10 1 0 0
34.7798 5.16580 : 1 65 -10 0 0 0
34.7798 5.16580 : 1 66 -10 1 0 0
34.7798 5.16580 : 1 67 -10 0 0 0
34.7798 5.16580 : 1 68 -10 1 0 0
34.7798 5.16580 : 1 69 -10 0 0 0
34.7798 5.16580 : 1 70 -10 0 0 0
34.7798 5.16580 : 1 71 -10 0 0 0
34.7798 5.16580 : 1 72 -10 1 0 0
34.7798 5.16580 : 1 73 -10 0 0 0
34.7798 5.16580 : 1 74 -10 1 0 0
34.7798 5.16580 : 1 75 -10 0 0 0
34.7798 5.16580 : 1 76 -10 1 0 0
34.7798 5.16580 : 1 77 -10 0 0 0
34.7798 5.16580 : 1 78 -10 1 0 0
34.7798 5.16580 : 1 79 -10 0 0 0
34.6439 4.93509 : 1 80 -10 1 0 0
34.6439 4.93509 : 1 81 -10 1 0 0
34.6439 4.93509 : 1 82 -10 1 0 0
34.6439 4.93509 : 1 83 -10 0 0 0
34.6439 4.93509 : 1 84 -10 1 0 0
34.6439 4.93509 : 1 85 -10 0 0 0
34.6439 4.93509 : 1 86 -10 1 0 0
34.6439 4.93509 : 1 87 -10 0 0 0
34.6439 4.93509 : 1 88 -10 1 0 0
34.6439 4.93509 : 1 89 -10 0 0 0
34.6439 4.93509 : 1 90 -10 1 0 0
34.6439 4.93509 : 1 91 -10 1 0 0
34.6439 4.93509 : 1 92 -10 1 0 0
34.6439 4.93509 : 1 93 -10 0 0 0
34.6439 4.93509 : 1 94 -10 1 0 0
34.6439 4.93509 : 1 95 -10 0 0 0
34.6439 4.93509 : 1 96 -10 1 0 0
34.6439 4.93509 : 1 97 -10 0 0 0
34.6439 4.93509 : 1 98 -10 1 0 0
34.6439 4.93509 : 1 99 -10 0 0 0
34.7796 4.70406 : 1 100 -10 1 0 0
34.7796 4.70406 : 1 101 -10 0 0 0
34.7796 4.70406 : 1 102 -10 1 0 0
34.7796 4.70406 : 1 103 -10 0 0 0
34.7796 4.70406 : 1 104 -10 1 0 0
34.7796 4.70406 : 1 105 -10 0 0 0
34.7796 4.70406 : 1 106 -10 1 0 0
34.7796 4.70406 : 1 107 -10 0 0 0
34.7796 4.70406 : 1 108 -10 1 0 0
34.7796 4.70406 : 1 109 -10 0 0 0
34.7796 4.70406 : 1 110 -10 0 0 0
34.7796 4.70406 : 1 111 -10 0 0 0
34.7796 4.70406 : 1 112 -10 1 0 0
34.7796 4.70406 : 1 113 -10 0 0 0
34.7796 4.70406 : 1 114 -10 1 0 0
34.7796 4.70406 : 1 115 -10 0 0 0
34.7796 4.70406 : 1 116 -10 1 0 0
34.7796 4.70406 : 1 117 -10 0 0 0
34.7796 4.70406 : 1 118 -10 1 0 0
34.7796 4.70406 : 1 119 -10 0 0 0
34.7796 4.70406 : 1 120 -10 1 0 0
35.0511 4.70326 : 1 121 -10 1 0 0
35.0511 4.70326 : 1 122 -10 0 0 0
35.0511 4.70326 : 1 123 -10 1 0 0
35.0511 4.70326 : 1 124 -10 0 0 0
35.0511 4.70326 : 1 125 -10 1 0 0
35.0511 4.70326 : 1 126 -10 0 0 0
35.0511 4.70326 : 1 127 -10 1 0 0
35.0511 4.70326 : 1 128 -10 0 0 0
35.0511 4.70326 : 1 129 -10 1 0 0
35.0511 4.70326 : 1 130 -10 0 0 0
35.0511 4.70326 : 1 131 -10 0 0 0
35.0511 4.70326 : 1 132 -10 0 0 0
35.0511 4.70326 : 1 133 -10 1 0 0
35.0511 4.70326 : 1 134 -10 0 0 0
35.0511 4.70326 : 1 135 -10 1 0 0
35.0511 4.70326 : 1 136 -10 0 0 0
35.0511 4.70326 : 1 137 -10 1 0 0
35.0511 4.70326 : 1 138 -10 0 0 0
35.0511 4.70326 : 1 139 -10 1 0 0
35.0511 4.70326 : 1 140 -10 0 0 0

