# lon lat: life id birth gender mass age
34.9155 4.93459 : 1 1 -10 0 0 0
34.9155 4.93459 : 1 2 -10 1 0 0
34.9155 4.93459 : 1 3 -10 0 0 0
34.9155 4.93459 : 1 4 -10 1 0 0
34.9155 4.93459 : 1 5 -10 0 0 0
34.9155 4.93459 : 1 6 -10 1 0 0
34.9155 4.93459 : 1 7 -10 0 0 0
34.9155 4.93459 : 1 8 -10 1 0 0
34.9155 4.93459 : 1 9 -10 0 0 0
34.9155 4.93459 : 1 10 -10 0 0 0
34.9155 4.93459 : 1 11 -10 0 0 0
34.9155 4.93459 : 1 12 -10 1 0 0
34.9155 4.93459 : 1 13 -10 0 0 0
34.9155 4.93459 : 1 14 -10 1 0 0
34.9155 4.93459 : 1 15 -10 0 0 0
34.9155 4.93459 : 1 16 -10 1 0 0
34.9155 4.93459 : 1 17 -10 0 0 0
34.9155 4.93459 : 1 18 -10 1 0 0
34.9155 4.93459 : 1 19 -10 0 0 0
35.1869 4.93377 : 1 20 -10 1 0 0
35.1869 4.93377 : 1 21 -10 1 0 0
35.1869 4.93377 : 1 22 -10 1 0 0
35.1869 4.93377 : 1 23 -10 0 0 0
35.1869 4.93377 : 1 24 -10 1 0 0
35.1869 4.93377 : 1 25 -10 0 0 0
35.1869 4.93377 : 1 26 -10 1 0 0
35.1869 4.93377 : 1 27 -10 0 0 0
35.1869 4.93377 : 1 28 -10 1 0 0
35.1869 4.93377 : 1 29 -10 0 0 0
35.1869 4.93377 : 1 30 -10 1 0 0
35.1869 4.93377 : 1 31 -10 1 0 0
35.1869 4.93377 : 1 32 -10 1 0 0
35.1869 4.93377 : 1 33 -10 0 0 0
35.1869 4.93377 : 1 34 -10 1 0 0
35.1869 4.93377 : 1 35 -10 0 0 0
35.1869 4.93377 : 1 36 -10 1 0 0
35.1869 4.93377 : 1 37 -10 0 0 0
35.1869 4.93377 : 1 38 -10 1 0 0
35.1869 4.93377 : 1 39 -10 0 0 0
35.0512 5.16528 : 1 40 -10 1 0 0
35.0512 5.16528 : 1 41 -10 0 0 0
35.0512 5.16528 : 1 42 -10 1 0 0
35.0512 5.16528 : 1 43 -10 0 0 0
35.0512 5.16528 : 1 44 -10 1 0 0
35.0512 5.16528 : 1 45 -10 0 0 0
35.0512 5.16528 : 1 46 -10 1 0 0
35.0512 5.16528 : 1 47 -10 0 0 0
35.0512 5.16528 : 1 48 -10 1 0 0
35.0512 5.16528 : 1 49 -10 0 0 0
35.0512 5.16528 : 1 50 -10 0 0 0
35.0512 5.16528 : 1 51 -10 0 0 0
35.0512 5.16528 : 1 52 -10 1 0 0
35.0512 5.16528 : 1 53 -10 0 0 0
35.0512 5.16528 : 1 54 -10 1 0 0
35.0512 5.16528 : 1 55 -10 0 0 0
35.0512 5.16528 : 1 56 -10 1 0 0
35.0512 5.16528 : 1 57 -10 0 0 0
35.0512 5.16528 : 1 58 -10 1 0 0
35.0512 5.16528 : 1 59 -10 0 0 0
35.0512 5.16528 : 1 60 -10 1 0 0
