# lon lat: life id birth gender mass age
30 10 : 1 1 0 0 0 0
30 10 : 1 2 0 1 0 0
30 10 : 1 3 0 0 0 0
30 10 : 1 4 0 1 0 0
30 10 : 1 5 0 0 0 0
30 10 : 1 6 0 1 0 0
30 10 : 1 7 0 0 0 0
30 10 : 1 8 0 1 0 0
30 10 : 1 9 0 0 0 0
30 10 : 1 10 0 0 0 0
30 10 : 1 11 0 0 0 0
30 10 : 1 12 0 1 0 0
30 10 : 1 13 0 0 0 0
30 10 : 1 14 0 1 0 0
30 10 : 1 15 0 0 0 0
30 10 : 1 16 0 1 0 0
30 10 : 1 17 0 0 0 0
30 10 : 1 18 0 1 0 0
30 10 : 1 19 0 0 0 0
30 10 : 1 20 0 1 0 0
30 10 : 1 21 0 1 0 0
30 10 : 1 22 0 1 0 0
30 10 : 1 23 0 0 0 0
30 10 : 1 24 0 1 0 0
30 10 : 1 25 0 0 0 0
30 10 : 1 26 0 1 0 0
30 10 : 1 27 0 0 0 0
30 10 : 1 28 0 1 0 0
30 10 : 1 29 0 0 0 0
30 10 : 1 30 0 1 0 0
