1 1 : 1 0 1 0 1
1 1 : 1 0 2 1 2
1 1 : 1 0 3 0 3
1 1 : 1 0 4 1 4
1 1 : 1 0 5 0 5
1 2 : 1 0 6 1 6
1 2 : 1 0 7 0 7
1 2 : 1 0 8 0 1
1 2 : 1 0 9 1 2
1 2 : 1 0 10 0 3
1 3 : 1 0 11 1 4
1 3 : 1 0 12 0 5
1 3 : 1 0 13 1 6
1 3 : 1 0 14 0 7
1 3 : 1 0 15 0 1
1 4 : 1 0 16 1 2
1 4 : 1 0 17 0 3
1 4 : 1 0 18 1 4
1 4 : 1 0 19 0 5
1 4 : 1 0 20 1 6
1 5 : 1 0 21 0 7
1 5 : 1 0 22 0 1
1 5 : 1 0 23 1 2
1 5 : 1 0 24 0 3
1 5 : 1 0 25 1 4
1 6 : 1 0 26 0 5
1 6 : 1 0 27 1 6
1 6 : 1 0 28 0 7
1 6 : 1 0 29 0 1
1 6 : 1 0 30 1 2
1 7 : 1 0 31 0 3
1 7 : 1 0 32 1 4
1 7 : 1 0 33 0 5
1 7 : 1 0 34 1 6
1 7 : 1 0 35 0 7
1 8 : 1 0 36 0 1
1 8 : 1 0 37 1 2
1 8 : 1 0 38 0 3
1 8 : 1 0 39 1 4
1 8 : 1 0 40 0 5
1 9 : 1 0 41 1 6
1 9 : 1 0 42 0 7
1 9 : 1 0 43 0 1
1 9 : 1 0 44 1 2
1 9 : 1 0 45 0 3
1 10 : 1 0 46 1 4
1 10 : 1 0 47 0 5
1 10 : 1 0 48 1 6
1 10 : 1 0 49 0 7
1 10 : 1 0 50 0 1
2 1 : 1 0 51 1 2
2 1 : 1 0 52 0 3
2 1 : 1 0 53 1 4
2 1 : 1 0 54 0 5
2 1 : 1 0 55 1 6
2 2 : 1 0 56 0 7
2 2 : 1 0 57 0 1
2 2 : 1 0 58 1 2
2 2 : 1 0 59 0 3
2 2 : 1 0 60 1 4
2 3 : 1 0 61 0 5
2 3 : 1 0 62 1 6
2 3 : 1 0 63 0 7
2 3 : 1 0 64 0 1
2 3 : 1 0 65 1 2
2 4 : 1 0 66 0 3
2 4 : 1 0 67 1 4
2 4 : 1 0 68 0 5
2 4 : 1 0 69 1 6
2 4 : 1 0 70 0 7
2 5 : 1 0 71 0 1
2 5 : 1 0 72 1 2
2 5 : 1 0 73 0 3
2 5 : 1 0 74 1 4
2 5 : 1 0 75 0 5
2 6 : 1 0 76 1 6
2 6 : 1 0 77 0 7
2 6 : 1 0 78 0 1
2 6 : 1 0 79 1 2
2 6 : 1 0 80 0 3
2 7 : 1 0 81 1 4
2 7 : 1 0 82 0 5
2 7 : 1 0 83 1 6
2 7 : 1 0 84 0 7
2 7 : 1 0 85 0 1
2 8 : 1 0 86 1 2
2 8 : 1 0 87 0 3
2 8 : 1 0 88 1 4
2 8 : 1 0 89 0 5
2 8 : 1 0 90 1 6
2 9 : 1 0 91 0 7
2 9 : 1 0 92 0 1
2 9 : 1 0 93 1 2
2 9 : 1 0 94 0 3
2 9 : 1 0 95 1 4
2 10 : 1 0 96 0 5
2 10 : 1 0 97 1 6
2 10 : 1 0 98 0 7
2 10 : 1 0 99 0 1
2 10 : 1 0 100 1 2
3 1 : 1 0 101 0 3
3 1 : 1 0 102 1 4
3 1 : 1 0 103 0 5
3 1 : 1 0 104 1 6
3 1 : 1 0 105 0 7
3 2 : 1 0 106 0 1
3 2 : 1 0 107 1 2
3 2 : 1 0 108 0 3
3 2 : 1 0 109 1 4
3 2 : 1 0 110 0 5
3 3 : 1 0 111 1 6
3 3 : 1 0 112 0 7
3 3 : 1 0 113 0 1
3 3 : 1 0 114 1 2
3 3 : 1 0 115 0 3
3 4 : 1 0 116 1 4
3 4 : 1 0 117 0 5
3 4 : 1 0 118 1 6
3 4 : 1 0 119 0 7
3 4 : 1 0 120 0 1
3 5 : 1 0 121 1 2
3 5 : 1 0 122 0 3
3 5 : 1 0 123 1 4
3 5 : 1 0 124 0 5
3 5 : 1 0 125 1 6
3 6 : 1 0 126 0 7
3 6 : 1 0 127 0 1
3 6 : 1 0 128 1 2
3 6 : 1 0 129 0 3
3 6 : 1 0 130 1 4
3 7 : 1 0 131 0 5
3 7 : 1 0 132 1 6
3 7 : 1 0 133 0 7
3 7 : 1 0 134 0 1
3 7 : 1 0 135 1 2
3 8 : 1 0 136 0 3
3 8 : 1 0 137 1 4
3 8 : 1 0 138 0 5
3 8 : 1 0 139 1 6
3 8 : 1 0 140 0 7
3 9 : 1 0 141 0 1
3 9 : 1 0 142 1 2
3 9 : 1 0 143 0 3
3 9 : 1 0 144 1 4
3 9 : 1 0 145 0 5
3 10 : 1 0 146 1 6
3 10 : 1 0 147 0 7
3 10 : 1 0 148 0 1
3 10 : 1 0 149 1 2
3 10 : 1 0 150 0 3
4 1 : 1 0 151 1 4
4 1 : 1 0 152 0 5
4 1 : 1 0 153 1 6
4 1 : 1 0 154 0 7
4 1 : 1 0 155 0 1
4 2 : 1 0 156 1 2
4 2 : 1 0 157 0 3
4 2 : 1 0 158 1 4
4 2 : 1 0 159 0 5
4 2 : 1 0 160 1 6
4 3 : 1 0 161 0 7
4 3 : 1 0 162 0 1
4 3 : 1 0 163 1 2
4 3 : 1 0 164 0 3
4 3 : 1 0 165 1 4
4 4 : 1 0 166 0 5
4 4 : 1 0 167 1 6
4 4 : 1 0 168 0 7
4 4 : 1 0 169 0 1
4 4 : 1 0 170 1 2
4 5 : 1 0 171 0 3
4 5 : 1 0 172 1 4
4 5 : 1 0 173 0 5
4 5 : 1 0 174 1 6
4 5 : 1 0 175 0 7
4 6 : 1 0 176 0 1
4 6 : 1 0 177 1 2
4 6 : 1 0 178 0 3
4 6 : 1 0 179 1 4
4 6 : 1 0 180 0 5
4 7 : 1 0 181 1 6
4 7 : 1 0 182 0 7
4 7 : 1 0 183 0 1
4 7 : 1 0 184 1 2
4 7 : 1 0 185 0 3
4 8 : 1 0 186 1 4
4 8 : 1 0 187 0 5
4 8 : 1 0 188 1 6
4 8 : 1 0 189 0 7
4 8 : 1 0 190 0 1
4 9 : 1 0 191 1 2
4 9 : 1 0 192 0 3
4 9 : 1 0 193 1 4
4 9 : 1 0 194 0 5
4 9 : 1 0 195 1 6
4 10 : 1 0 196 0 7
4 10 : 1 0 197 0 1
4 10 : 1 0 198 1 2
4 10 : 1 0 199 0 3
4 10 : 1 0 200 1 4
5 1 : 1 0 201 0 5
5 1 : 1 0 202 1 6
5 1 : 1 0 203 0 7
5 1 : 1 0 204 0 1
5 1 : 1 0 205 1 2
5 2 : 1 0 206 0 3
5 2 : 1 0 207 1 4
5 2 : 1 0 208 0 5
5 2 : 1 0 209 1 6
5 2 : 1 0 210 0 7
5 3 : 1 0 211 0 1
5 3 : 1 0 212 1 2
5 3 : 1 0 213 0 3
5 3 : 1 0 214 1 4
5 3 : 1 0 215 0 5
5 4 : 1 0 216 1 6
5 4 : 1 0 217 0 7
5 4 : 1 0 218 0 1
5 4 : 1 0 219 1 2
5 4 : 1 0 220 0 3
5 5 : 1 0 221 1 4
5 5 : 1 0 222 0 5
5 5 : 1 0 223 1 6
5 5 : 1 0 224 0 7
5 5 : 1 0 225 0 1
5 6 : 1 0 226 1 2
5 6 : 1 0 227 0 3
5 6 : 1 0 228 1 4
5 6 : 1 0 229 0 5
5 6 : 1 0 230 1 6
5 7 : 1 0 231 0 7
5 7 : 1 0 232 0 1
5 7 : 1 0 233 1 2
5 7 : 1 0 234 0 3
5 7 : 1 0 235 1 4
5 8 : 1 0 236 0 5
5 8 : 1 0 237 1 6
5 8 : 1 0 238 0 7
5 8 : 1 0 239 0 1
5 8 : 1 0 240 1 2
5 9 : 1 0 241 0 3
5 9 : 1 0 242 1 4
5 9 : 1 0 243 0 5
5 9 : 1 0 244 1 6
5 9 : 1 0 245 0 7
5 10 : 1 0 246 0 1
5 10 : 1 0 247 1 2
5 10 : 1 0 248 0 3
5 10 : 1 0 249 1 4
5 10 : 1 0 250 0 5
6 1 : 1 0 251 1 6
6 1 : 1 0 252 0 7
6 1 : 1 0 253 0 1
6 1 : 1 0 254 1 2
6 1 : 1 0 255 0 3
6 2 : 1 0 256 1 4
6 2 : 1 0 257 0 5
6 2 : 1 0 258 1 6
6 2 : 1 0 259 0 7
6 2 : 1 0 260 0 1
6 3 : 1 0 261 1 2
6 3 : 1 0 262 0 3
6 3 : 1 0 263 1 4
6 3 : 1 0 264 0 5
6 3 : 1 0 265 1 6
6 4 : 1 0 266 0 7
6 4 : 1 0 267 0 1
6 4 : 1 0 268 1 2
6 4 : 1 0 269 0 3
6 4 : 1 0 270 1 4
6 5 : 1 0 271 0 5
6 5 : 1 0 272 1 6
6 5 : 1 0 273 0 7
6 5 : 1 0 274 0 1
6 5 : 1 0 275 1 2
6 6 : 1 0 276 0 3
6 6 : 1 0 277 1 4
6 6 : 1 0 278 0 5
6 6 : 1 0 279 1 6
6 6 : 1 0 280 0 7
6 7 : 1 0 281 0 1
6 7 : 1 0 282 1 2
6 7 : 1 0 283 0 3
6 7 : 1 0 284 1 4
6 7 : 1 0 285 0 5
6 8 : 1 0 286 1 6
6 8 : 1 0 287 0 7
6 8 : 1 0 288 0 1
6 8 : 1 0 289 1 2
6 8 : 1 0 290 0 3
6 9 : 1 0 291 1 4
6 9 : 1 0 292 0 5
6 9 : 1 0 293 1 6
6 9 : 1 0 294 0 7
6 9 : 1 0 295 0 1
6 10 : 1 0 296 1 2
6 10 : 1 0 297 0 3
6 10 : 1 0 298 1 4
6 10 : 1 0 299 0 5
6 10 : 1 0 300 1 6
7 1 : 1 0 301 0 7
7 1 : 1 0 302 0 1
7 1 : 1 0 303 1 2
7 1 : 1 0 304 0 3
7 1 : 1 0 305 1 4
7 2 : 1 0 306 0 5
7 2 : 1 0 307 1 6
7 2 : 1 0 308 0 7
7 2 : 1 0 309 0 1
7 2 : 1 0 310 1 2
7 3 : 1 0 311 0 3
7 3 : 1 0 312 1 4
7 3 : 1 0 313 0 5
7 3 : 1 0 314 1 6
7 3 : 1 0 315 0 7
7 4 : 1 0 316 0 1
7 4 : 1 0 317 1 2
7 4 : 1 0 318 0 3
7 4 : 1 0 319 1 4
7 4 : 1 0 320 0 5
7 5 : 1 0 321 1 6
7 5 : 1 0 322 0 7
7 5 : 1 0 323 0 1
7 5 : 1 0 324 1 2
7 5 : 1 0 325 0 3
7 6 : 1 0 326 1 4
7 6 : 1 0 327 0 5
7 6 : 1 0 328 1 6
7 6 : 1 0 329 0 7
7 6 : 1 0 330 0 1
7 7 : 1 0 331 1 2
7 7 : 1 0 332 0 3
7 7 : 1 0 333 1 4
7 7 : 1 0 334 0 5
7 7 : 1 0 335 1 6
7 8 : 1 0 336 0 7
7 8 : 1 0 337 0 1
7 8 : 1 0 338 1 2
7 8 : 1 0 339 0 3
7 8 : 1 0 340 1 4
7 9 : 1 0 341 0 5
7 9 : 1 0 342 1 6
7 9 : 1 0 343 0 7
7 9 : 1 0 344 0 1
7 9 : 1 0 345 1 2
7 10 : 1 0 346 0 3
7 10 : 1 0 347 1 4
7 10 : 1 0 348 0 5
7 10 : 1 0 349 1 6
7 10 : 1 0 350 0 7
8 1 : 1 0 351 0 1
8 1 : 1 0 352 1 2
8 1 : 1 0 353 0 3
8 1 : 1 0 354 1 4
8 1 : 1 0 355 0 5
8 2 : 1 0 356 1 6
8 2 : 1 0 357 0 7
8 2 : 1 0 358 0 1
8 2 : 1 0 359 1 2
8 2 : 1 0 360 0 3
8 3 : 1 0 361 1 4
8 3 : 1 0 362 0 5
8 3 : 1 0 363 1 6
8 3 : 1 0 364 0 7
8 3 : 1 0 365 0 1
8 4 : 1 0 366 1 2
8 4 : 1 0 367 0 3
8 4 : 1 0 368 1 4
8 4 : 1 0 369 0 5
8 4 : 1 0 370 1 6
8 5 : 1 0 371 0 7
8 5 : 1 0 372 0 1
8 5 : 1 0 373 1 2
8 5 : 1 0 374 0 3
8 5 : 1 0 375 1 4
8 6 : 1 0 376 0 5
8 6 : 1 0 377 1 6
8 6 : 1 0 378 0 7
8 6 : 1 0 379 0 1
8 6 : 1 0 380 1 2
8 7 : 1 0 381 0 3
8 7 : 1 0 382 1 4
8 7 : 1 0 383 0 5
8 7 : 1 0 384 1 6
8 7 : 1 0 385 0 7
8 8 : 1 0 386 0 1
8 8 : 1 0 387 1 2
8 8 : 1 0 388 0 3
8 8 : 1 0 389 1 4
8 8 : 1 0 390 0 5
8 9 : 1 0 391 1 6
8 9 : 1 0 392 0 7
8 9 : 1 0 393 0 1
8 9 : 1 0 394 1 2
8 9 : 1 0 395 0 3
8 10 : 1 0 396 1 4
8 10 : 1 0 397 0 5
8 10 : 1 0 398 1 6
8 10 : 1 0 399 0 7
8 10 : 1 0 400 0 1
9 1 : 1 0 401 1 2
9 1 : 1 0 402 0 3
9 1 : 1 0 403 1 4
9 1 : 1 0 404 0 5
9 1 : 1 0 405 1 6
9 2 : 1 0 406 0 7
9 2 : 1 0 407 0 1
9 2 : 1 0 408 1 2
9 2 : 1 0 409 0 3
9 2 : 1 0 410 1 4
9 3 : 1 0 411 0 5
9 3 : 1 0 412 1 6
9 3 : 1 0 413 0 7
9 3 : 1 0 414 0 1
9 3 : 1 0 415 1 2
9 4 : 1 0 416 0 3
9 4 : 1 0 417 1 4
9 4 : 1 0 418 0 5
9 4 : 1 0 419 1 6
9 4 : 1 0 420 0 7
9 5 : 1 0 421 0 1
9 5 : 1 0 422 1 2
9 5 : 1 0 423 0 3
9 5 : 1 0 424 1 4
9 5 : 1 0 425 0 5
9 6 : 1 0 426 1 6
9 6 : 1 0 427 0 7
9 6 : 1 0 428 0 1
9 6 : 1 0 429 1 2
9 6 : 1 0 430 0 3
9 7 : 1 0 431 1 4
9 7 : 1 0 432 0 5
9 7 : 1 0 433 1 6
9 7 : 1 0 434 0 7
9 7 : 1 0 435 0 1
9 8 : 1 0 436 1 2
9 8 : 1 0 437 0 3
9 8 : 1 0 438 1 4
9 8 : 1 0 439 0 5
9 8 : 1 0 440 1 6
9 9 : 1 0 441 0 7
9 9 : 1 0 442 0 1
9 9 : 1 0 443 1 2
9 9 : 1 0 444 0 3
9 9 : 1 0 445 1 4
9 10 : 1 0 446 0 5
9 10 : 1 0 447 1 6
9 10 : 1 0 448 0 7
9 10 : 1 0 449 0 1
9 10 : 1 0 450 1 2
10 1 : 1 0 451 0 3
10 1 : 1 0 452 1 4
10 1 : 1 0 453 0 5
10 1 : 1 0 454 1 6
10 1 : 1 0 455 0 7
10 2 : 1 0 456 0 1
10 2 : 1 0 457 1 2
10 2 : 1 0 458 0 3
10 2 : 1 0 459 1 4
10 2 : 1 0 460 0 5
10 3 : 1 0 461 1 6
10 3 : 1 0 462 0 7
10 3 : 1 0 463 0 1
10 3 : 1 0 464 1 2
10 3 : 1 0 465 0 3
10 4 : 1 0 466 1 4
10 4 : 1 0 467 0 5
10 4 : 1 0 468 1 6
10 4 : 1 0 469 0 7
10 4 : 1 0 470 0 1
10 5 : 1 0 471 1 2
10 5 : 1 0 472 0 3
10 5 : 1 0 473 1 4
10 5 : 1 0 474 0 5
10 5 : 1 0 475 1 6
10 6 : 1 0 476 0 7
10 6 : 1 0 477 0 1
10 6 : 1 0 478 1 2
10 6 : 1 0 479 0 3
10 6 : 1 0 480 1 4
10 7 : 1 0 481 0 5
10 7 : 1 0 482 1 6
10 7 : 1 0 483 0 7
10 7 : 1 0 484 0 1
10 7 : 1 0 485 1 2
10 8 : 1 0 486 0 3
10 8 : 1 0 487 1 4
10 8 : 1 0 488 0 5
10 8 : 1 0 489 1 6
10 8 : 1 0 490 0 7
10 9 : 1 0 491 0 1
10 9 : 1 0 492 1 2
10 9 : 1 0 493 0 3
10 9 : 1 0 494 1 4
10 9 : 1 0 495 0 5
10 10 : 1 0 496 1 6
10 10 : 1 0 497 0 7
10 10 : 1 0 498 0 1
10 10 : 1 0 499 1 2
10 10 : 1 0 500 0 3
