1 1 : 1 0 1 0 1
1 1 : 1 0 2 1 2
1 1 : 1 0 3 0 3
1 1 : 1 0 4 1 4
1 1 : 1 0 5 0 5
1 2 : 1 0 6 1 6
1 2 : 1 0 7 0 7
1 2 : 1 0 8 0 1
1 2 : 1 0 9 1 2
1 2 : 1 0 10 0 3
1 3 : 1 0 11 1 4
1 3 : 1 0 12 0 5
1 3 : 1 0 13 1 6
1 3 : 1 0 14 0 7
1 3 : 1 0 15 0 1
1 4 : 1 0 16 1 2
1 4 : 1 0 17 0 3
1 4 : 1 0 18 1 4
1 4 : 1 0 19 0 5
1 4 : 1 0 20 1 6
2 1 : 1 0 51 1 2
2 1 : 1 0 52 0 3
2 1 : 1 0 53 1 4
2 1 : 1 0 54 0 5
2 1 : 1 0 55 1 6
2 2 : 1 0 56 0 7
2 2 : 1 0 57 0 1
2 2 : 1 0 58 1 2
2 2 : 1 0 59 0 3
2 2 : 1 0 60 1 4
2 3 : 1 0 61 0 5
2 3 : 1 0 62 1 6
2 3 : 1 0 63 0 7
2 3 : 1 0 64 0 1
2 3 : 1 0 65 1 2
2 4 : 1 0 66 0 3
2 4 : 1 0 67 1 4
2 4 : 1 0 68 0 5
2 4 : 1 0 69 1 6
2 4 : 1 0 70 0 7
3 1 : 1 0 101 0 3
3 1 : 1 0 102 1 4
3 1 : 1 0 103 0 5
3 1 : 1 0 104 1 6
3 1 : 1 0 105 0 7
3 2 : 1 0 106 0 1
3 2 : 1 0 107 1 2
3 2 : 1 0 108 0 3
3 2 : 1 0 109 1 4
3 2 : 1 0 110 0 5
3 3 : 1 0 111 1 6
3 3 : 1 0 112 0 7
3 3 : 1 0 113 0 1
3 3 : 1 0 114 1 2
3 3 : 1 0 115 0 3
3 4 : 1 0 116 1 4
3 4 : 1 0 117 0 5
3 4 : 1 0 118 1 6
3 4 : 1 0 119 0 7
3 4 : 1 0 120 0 1
4 1 : 1 0 151 1 4
4 1 : 1 0 152 0 5
4 1 : 1 0 153 1 6
4 1 : 1 0 154 0 7
4 1 : 1 0 155 0 1
4 2 : 1 0 156 1 2
4 2 : 1 0 157 0 3
4 2 : 1 0 158 1 4
4 2 : 1 0 159 0 5
4 2 : 1 0 160 1 6
4 3 : 1 0 161 0 7
4 3 : 1 0 162 0 1
4 3 : 1 0 163 1 2
4 3 : 1 0 164 0 3
4 3 : 1 0 165 1 4
4 4 : 1 0 166 0 5
4 4 : 1 0 167 1 6
4 4 : 1 0 168 0 7
4 4 : 1 0 169 0 1
4 4 : 1 0 170 1 2
