#x y: lifestate id birth gender mass
220 280: 1 0 0 0  5
220 280: 1 1 0 1  5
220 280: 1 2 0 0  5
220 280: 1 3 0 1  5
220 280: 1 4 0 0  5
220 281: 1 5 0 1  5
220 281: 1 6 0 0  5
220 281: 1 7 0 1  5
220 281: 1 8 0 0  5
220 281: 1 9 0 1  5
220 282: 1 10 0 0  5
220 282: 1 11 0 1  5
220 282: 1 12 0 0  5
220 282: 1 13 0 1  5
220 282: 1 14 0 0  5
220 283: 1 15 0 1  5
220 283: 1 16 0 0  5
220 283: 1 17 0 1  5
220 283: 1 18 0 0  5
220 283: 1 19 0 1  5
220 284: 1 20 0 0  5
220 284: 1 21 0 1  5
220 284: 1 22 0 0  5
220 284: 1 23 0 1  5
220 284: 1 24 0 0  5
221 280: 1 25 0 1  5
221 280: 1 26 0 0  5
221 280: 1 27 0 1  5
221 280: 1 28 0 0  5
221 280: 1 29 0 1  5
221 281: 1 30 0 0  5
221 281: 1 31 0 1  5
221 281: 1 32 0 0  5
221 281: 1 33 0 1  5
221 281: 1 34 0 0  5
221 282: 1 35 0 1  5
221 282: 1 36 0 0  5
221 282: 1 37 0 1  5
221 282: 1 38 0 0  5
221 282: 1 39 0 1  5
221 283: 1 40 0 0  5
221 283: 1 41 0 1  5
221 283: 1 42 0 0  5
221 283: 1 43 0 1  5
221 283: 1 44 0 0  5
221 284: 1 45 0 1  5
221 284: 1 46 0 0  5
221 284: 1 47 0 1  5
221 284: 1 48 0 0  5
221 284: 1 49 0 1  5
222 280: 1 50 0 0  5
222 280: 1 51 0 1  5
222 280: 1 52 0 0  5
222 280: 1 53 0 1  5
222 280: 1 54 0 0  5
222 281: 1 55 0 1  5
222 281: 1 56 0 0  5
222 281: 1 57 0 1  5
222 281: 1 58 0 0  5
222 281: 1 59 0 1  5
222 282: 1 60 0 0  5
222 282: 1 61 0 1  5
222 282: 1 62 0 0  5
222 282: 1 63 0 1  5
222 282: 1 64 0 0  5
222 283: 1 65 0 1  5
222 283: 1 66 0 0  5
222 283: 1 67 0 1  5
222 283: 1 68 0 0  5
222 283: 1 69 0 1  5
222 284: 1 70 0 0  5
222 284: 1 71 0 1  5
222 284: 1 72 0 0  5
222 284: 1 73 0 1  5
222 284: 1 74 0 0  5
223 280: 1 75 0 1  5
223 280: 1 76 0 0  5
223 280: 1 77 0 1  5
223 280: 1 78 0 0  5
223 280: 1 79 0 1  5
223 281: 1 80 0 0  5
223 281: 1 81 0 1  5
223 281: 1 82 0 0  5
223 281: 1 83 0 1  5
223 281: 1 84 0 0  5
223 282: 1 85 0 1  5
223 282: 1 86 0 0  5
223 282: 1 87 0 1  5
223 282: 1 88 0 0  5
223 282: 1 89 0 1  5
223 283: 1 90 0 0  5
223 283: 1 91 0 1  5
223 283: 1 92 0 0  5
223 283: 1 93 0 1  5
223 283: 1 94 0 0  5
223 284: 1 95 0 1  5
223 284: 1 96 0 0  5
223 284: 1 97 0 1  5
223 284: 1 98 0 0  5
223 284: 1 99 0 1  5
224 280: 1 100 0 0  5
224 280: 1 101 0 1  5
224 280: 1 102 0 0  5
224 280: 1 103 0 1  5
224 280: 1 104 0 0  5
224 281: 1 105 0 1  5
224 281: 1 106 0 0  5
224 281: 1 107 0 1  5
224 281: 1 108 0 0  5
224 281: 1 109 0 1  5
224 282: 1 110 0 0  5
224 282: 1 111 0 1  5
224 282: 1 112 0 0  5
224 282: 1 113 0 1  5
224 282: 1 114 0 0  5
224 283: 1 115 0 1  5
224 283: 1 116 0 0  5
224 283: 1 117 0 1  5
224 283: 1 118 0 0  5
224 283: 1 119 0 1  5
224 284: 1 120 0 0  5
224 284: 1 121 0 1  5
224 284: 1 122 0 0  5
224 284: 1 123 0 1  5
224 284: 1 124 0 0  5
#x y: lifestate id birth gender mass
230 220: 1 0 0 0  5
230 220: 1 1 0 1  5
230 220: 1 2 0 0  5
230 220: 1 3 0 1  5
230 220: 1 4 0 0  5
230 221: 1 5 0 1  5
230 221: 1 6 0 0  5
230 221: 1 7 0 1  5
230 221: 1 8 0 0  5
230 221: 1 9 0 1  5
230 222: 1 10 0 0  5
230 222: 1 11 0 1  5
230 222: 1 12 0 0  5
230 222: 1 13 0 1  5
230 222: 1 14 0 0  5
230 223: 1 15 0 1  5
230 223: 1 16 0 0  5
230 223: 1 17 0 1  5
230 223: 1 18 0 0  5
230 223: 1 19 0 1  5
230 224: 1 20 0 0  5
230 224: 1 21 0 1  5
230 224: 1 22 0 0  5
230 224: 1 23 0 1  5
230 224: 1 24 0 0  5
231 220: 1 25 0 1  5
231 220: 1 26 0 0  5
231 220: 1 27 0 1  5
231 220: 1 28 0 0  5
231 220: 1 29 0 1  5
231 221: 1 30 0 0  5
231 221: 1 31 0 1  5
231 221: 1 32 0 0  5
231 221: 1 33 0 1  5
231 221: 1 34 0 0  5
231 222: 1 35 0 1  5
231 222: 1 36 0 0  5
231 222: 1 37 0 1  5
231 222: 1 38 0 0  5
231 222: 1 39 0 1  5
231 223: 1 40 0 0  5
231 223: 1 41 0 1  5
231 223: 1 42 0 0  5
231 223: 1 43 0 1  5
231 223: 1 44 0 0  5
231 224: 1 45 0 1  5
231 224: 1 46 0 0  5
231 224: 1 47 0 1  5
231 224: 1 48 0 0  5
231 224: 1 49 0 1  5
232 220: 1 50 0 0  5
232 220: 1 51 0 1  5
232 220: 1 52 0 0  5
232 220: 1 53 0 1  5
232 220: 1 54 0 0  5
232 221: 1 55 0 1  5
232 221: 1 56 0 0  5
232 221: 1 57 0 1  5
232 221: 1 58 0 0  5
232 221: 1 59 0 1  5
232 222: 1 60 0 0  5
232 222: 1 61 0 1  5
232 222: 1 62 0 0  5
232 222: 1 63 0 1  5
232 222: 1 64 0 0  5
232 223: 1 65 0 1  5
232 223: 1 66 0 0  5
232 223: 1 67 0 1  5
232 223: 1 68 0 0  5
232 223: 1 69 0 1  5
232 224: 1 70 0 0  5
232 224: 1 71 0 1  5
232 224: 1 72 0 0  5
232 224: 1 73 0 1  5
232 224: 1 74 0 0  5
233 220: 1 75 0 1  5
233 220: 1 76 0 0  5
233 220: 1 77 0 1  5
233 220: 1 78 0 0  5
233 220: 1 79 0 1  5
233 221: 1 80 0 0  5
233 221: 1 81 0 1  5
233 221: 1 82 0 0  5
233 221: 1 83 0 1  5
233 221: 1 84 0 0  5
233 222: 1 85 0 1  5
233 222: 1 86 0 0  5
233 222: 1 87 0 1  5
233 222: 1 88 0 0  5
233 222: 1 89 0 1  5
233 223: 1 90 0 0  5
233 223: 1 91 0 1  5
233 223: 1 92 0 0  5
233 223: 1 93 0 1  5
233 223: 1 94 0 0  5
233 224: 1 95 0 1  5
233 224: 1 96 0 0  5
233 224: 1 97 0 1  5
233 224: 1 98 0 0  5
233 224: 1 99 0 1  5
234 220: 1 100 0 0  5
234 220: 1 101 0 1  5
234 220: 1 102 0 0  5
234 220: 1 103 0 1  5
234 220: 1 104 0 0  5
234 221: 1 105 0 1  5
234 221: 1 106 0 0  5
234 221: 1 107 0 1  5
234 221: 1 108 0 0  5
234 221: 1 109 0 1  5
234 222: 1 110 0 0  5
234 222: 1 111 0 1  5
234 222: 1 112 0 0  5
234 222: 1 113 0 1  5
234 222: 1 114 0 0  5
234 223: 1 115 0 1  5
234 223: 1 116 0 0  5
234 223: 1 117 0 1  5
234 223: 1 118 0 0  5
234 223: 1 119 0 1  5
234 224: 1 120 0 0  5
234 224: 1 121 0 1  5
234 224: 1 122 0 0  5
234 224: 1 123 0 1  5
234 224: 1 124 0 0  5
