1 1 : 1 0 1 0 5
1 1 : 1 0 2 1 6
1 1 : 1 0 3 0 7
1 1 : 1 0 4 1 8
1 1 : 1 0 5 0 9
1 2 : 1 0 6 1 10
1 2 : 1 0 7 0 11
1 2 : 1 0 8 0 5
1 2 : 1 0 9 1 6
1 2 : 1 0 10 0 7
1 3 : 1 0 11 1 8
1 3 : 1 0 12 0 9
1 3 : 1 0 13 1 10
1 3 : 1 0 14 0 11
1 3 : 1 0 15 0 5
1 4 : 1 0 16 1 6
1 4 : 1 0 17 0 7
1 4 : 1 0 18 1 8
1 4 : 1 0 19 0 9
1 4 : 1 0 20 1 10
1 5 : 1 0 21 0 11
1 5 : 1 0 22 0 5
1 5 : 1 0 23 1 6
1 5 : 1 0 24 0 7
1 5 : 1 0 25 1 8
2 1 : 1 0 26 0 9
2 1 : 1 0 27 1 10
2 1 : 1 0 28 0 11
2 1 : 1 0 29 0 5
2 1 : 1 0 30 1 6
2 2 : 1 0 31 0 7
2 2 : 1 0 32 1 8
2 2 : 1 0 33 0 9
2 2 : 1 0 34 1 10
2 2 : 1 0 35 0 11
2 3 : 1 0 36 0 5
2 3 : 1 0 37 1 6
2 3 : 1 0 38 0 7
2 3 : 1 0 39 1 8
2 3 : 1 0 40 0 9
2 4 : 1 0 41 1 10
2 4 : 1 0 42 0 11
2 4 : 1 0 43 0 5
2 4 : 1 0 44 1 6
2 4 : 1 0 45 0 7
2 5 : 1 0 46 1 8
2 5 : 1 0 47 0 9
2 5 : 1 0 48 1 10
2 5 : 1 0 49 0 11
2 5 : 1 0 50 0 5
3 1 : 1 0 51 1 6
3 1 : 1 0 52 0 7
3 1 : 1 0 53 1 8
3 1 : 1 0 54 0 9
3 1 : 1 0 55 1 10
3 2 : 1 0 56 0 11
3 2 : 1 0 57 0 5
3 2 : 1 0 58 1 6
3 2 : 1 0 59 0 7
3 2 : 1 0 60 1 8
3 3 : 1 0 61 0 9
3 3 : 1 0 62 1 10
3 3 : 1 0 63 0 11
3 3 : 1 0 64 0 5
3 3 : 1 0 65 1 6
3 4 : 1 0 66 0 7
3 4 : 1 0 67 1 8
3 4 : 1 0 68 0 9
3 4 : 1 0 69 1 10
3 4 : 1 0 70 0 11
3 5 : 1 0 71 0 5
3 5 : 1 0 72 1 6
3 5 : 1 0 73 0 7
3 5 : 1 0 74 1 8
3 5 : 1 0 75 0 9
4 1 : 1 0 76 1 10
4 1 : 1 0 77 0 11
4 1 : 1 0 78 0 5
4 1 : 1 0 79 1 6
4 1 : 1 0 80 0 7
4 2 : 1 0 81 1 8
4 2 : 1 0 82 0 9
4 2 : 1 0 83 1 10
4 2 : 1 0 84 0 11
4 2 : 1 0 85 0 5
4 3 : 1 0 86 1 6
4 3 : 1 0 87 0 7
4 3 : 1 0 88 1 8
4 3 : 1 0 89 0 9
4 3 : 1 0 90 1 10
4 4 : 1 0 91 0 11
4 4 : 1 0 92 0 5
4 4 : 1 0 93 1 6
4 4 : 1 0 94 0 7
4 4 : 1 0 95 1 8
4 5 : 1 0 96 0 9
4 5 : 1 0 97 1 10
4 5 : 1 0 98 0 11
4 5 : 1 0 99 0 5
4 5 : 1 0 100 1 6
5 1 : 1 0 101 0 7
5 1 : 1 0 102 1 8
5 1 : 1 0 103 0 9
5 1 : 1 0 104 1 10
5 1 : 1 0 105 0 11
5 2 : 1 0 106 0 5
5 2 : 1 0 107 1 6
5 2 : 1 0 108 0 7
5 2 : 1 0 109 1 8
5 2 : 1 0 110 0 9
5 3 : 1 0 111 1 10
5 3 : 1 0 112 0 11
5 3 : 1 0 113 0 5
5 3 : 1 0 114 1 6
5 3 : 1 0 115 0 7
5 4 : 1 0 116 1 8
5 4 : 1 0 117 0 9
5 4 : 1 0 118 1 10
5 4 : 1 0 119 0 11
5 4 : 1 0 120 0 5
5 5 : 1 0 121 1 6
5 5 : 1 0 122 0 7
5 5 : 1 0 123 1 8
5 5 : 1 0 124 0 9
5 5 : 1 0 125 1 10
