#x y: lifestate id birth gender mass
217 277: 1 0 0 0  5
217 277: 1 1 0 1  5
217 277: 1 2 0 0  5
217 277: 1 3 0 1  5
217 277: 1 4 0 0  5
217 278: 1 5 0 1  5
217 278: 1 6 0 0  5
217 278: 1 7 0 1  5
217 278: 1 8 0 0  5
217 278: 1 9 0 1  5
217 279: 1 10 0 0  5
217 279: 1 11 0 1  5
217 279: 1 12 0 0  5
217 279: 1 13 0 1  5
217 279: 1 14 0 0  5
217 280: 1 15 0 1  5
217 280: 1 16 0 0  5
217 280: 1 17 0 1  5
217 280: 1 18 0 0  5
217 280: 1 19 0 1  5
217 281: 1 20 0 0  5
217 281: 1 21 0 1  5
217 281: 1 22 0 0  5
217 281: 1 23 0 1  5
217 281: 1 24 0 0  5
218 277: 1 25 0 1  5
218 277: 1 26 0 0  5
218 277: 1 27 0 1  5
218 277: 1 28 0 0  5
218 277: 1 29 0 1  5
218 278: 1 30 0 0  5
218 278: 1 31 0 1  5
218 278: 1 32 0 0  5
218 278: 1 33 0 1  5
218 278: 1 34 0 0  5
218 279: 1 35 0 1  5
218 279: 1 36 0 0  5
218 279: 1 37 0 1  5
218 279: 1 38 0 0  5
218 279: 1 39 0 1  5
218 280: 1 40 0 0  5
218 280: 1 41 0 1  5
218 280: 1 42 0 0  5
218 280: 1 43 0 1  5
218 280: 1 44 0 0  5
218 281: 1 45 0 1  5
218 281: 1 46 0 0  5
218 281: 1 47 0 1  5
218 281: 1 48 0 0  5
218 281: 1 49 0 1  5
219 277: 1 50 0 0  5
219 277: 1 51 0 1  5
219 277: 1 52 0 0  5
219 277: 1 53 0 1  5
219 277: 1 54 0 0  5
219 278: 1 55 0 1  5
219 278: 1 56 0 0  5
219 278: 1 57 0 1  5
219 278: 1 58 0 0  5
219 278: 1 59 0 1  5
219 279: 1 60 0 0  5
219 279: 1 61 0 1  5
219 279: 1 62 0 0  5
219 279: 1 63 0 1  5
219 279: 1 64 0 0  5
219 280: 1 65 0 1  5
219 280: 1 66 0 0  5
219 280: 1 67 0 1  5
219 280: 1 68 0 0  5
219 280: 1 69 0 1  5
219 281: 1 70 0 0  5
219 281: 1 71 0 1  5
219 281: 1 72 0 0  5
219 281: 1 73 0 1  5
219 281: 1 74 0 0  5
220 277: 1 75 0 1  5
220 277: 1 76 0 0  5
220 277: 1 77 0 1  5
220 277: 1 78 0 0  5
220 277: 1 79 0 1  5
220 278: 1 80 0 0  5
220 278: 1 81 0 1  5
220 278: 1 82 0 0  5
220 278: 1 83 0 1  5
220 278: 1 84 0 0  5
220 279: 1 85 0 1  5
220 279: 1 86 0 0  5
220 279: 1 87 0 1  5
220 279: 1 88 0 0  5
220 279: 1 89 0 1  5
220 280: 1 90 0 0  5
220 280: 1 91 0 1  5
220 280: 1 92 0 0  5
220 280: 1 93 0 1  5
220 280: 1 94 0 0  5
220 281: 1 95 0 1  5
220 281: 1 96 0 0  5
220 281: 1 97 0 1  5
220 281: 1 98 0 0  5
220 281: 1 99 0 1  5
221 277: 1 100 0 0  5
221 277: 1 101 0 1  5
221 277: 1 102 0 0  5
221 277: 1 103 0 1  5
221 277: 1 104 0 0  5
221 278: 1 105 0 1  5
221 278: 1 106 0 0  5
221 278: 1 107 0 1  5
221 278: 1 108 0 0  5
221 278: 1 109 0 1  5
221 279: 1 110 0 0  5
221 279: 1 111 0 1  5
221 279: 1 112 0 0  5
221 279: 1 113 0 1  5
221 279: 1 114 0 0  5
221 280: 1 115 0 1  5
221 280: 1 116 0 0  5
221 280: 1 117 0 1  5
221 280: 1 118 0 0  5
221 280: 1 119 0 1  5
221 281: 1 120 0 0  5
221 281: 1 121 0 1  5
221 281: 1 122 0 0  5
221 281: 1 123 0 1  5
221 281: 1 124 0 0  5
