Arabia[191,4]    47.925   17.136  200 10
Arabia[192,4]    55.610   16.171  200 10
Arabia[197,4]    43.911   24.184  200 10
Arabia[198,4]    51.899   23.560  200 10
Arabia[199,4]    60.058   22.490  200 10
Arabia[30,4]    39.935   31.657  200 10
Arabia[31,4]    47.819   31.171  200 10
Arabia[32,4]    55.748   30.186  200 10
Arctic[141,13]   -108.000   78.403  200 10
Arctic[142,13]   -94.982   71.565  200 10
Arctic[143,13]   -121.018   71.565  200 10
Arctic[144,13]   -89.133   64.560  200 10
Arctic[145,13]   -108.000   65.803  200 10
Arctic[164,13]   -36.000   78.403  200 10
Arctic[165,13]   -22.982   71.565  200 10
Arctic[166,13]   -49.018   71.565  200 10
Arctic[167,13]   -36.000   65.803  200 10
Arctic[169,13]   -60.538   50.446  200 10
Arctic[171,13]   -52.155   44.790  200 10
Arctic[21,13]   -72.000   82.418  200 10
Arctic[22,13]   -72.000   61.631  200 10
Arctic[23,13]   -72.000   54.934  200 10
Australia[221,8]   140.114   -4.182  200 10
Australia[222,8]   132.243   -3.845  200 10
Australia[223,8]   151.802  -10.656  200 10
Australia[224,8]   144.000  -10.812  200 10
Australia[225,8]   136.198  -10.656  200 10
Australia[226,8]   128.423   -9.981  200 10
Australia[227,8]   147.956  -17.452  200 10
Australia[228,8]   140.044  -17.452  200 10
Australia[229,8]   132.075  -17.136  200 10
Australia[230,8]   124.390  -16.171  200 10
Australia[231,8]   151.911  -24.184  200 10
Australia[232,8]   144.000  -24.389  200 10
Australia[233,8]   136.089  -24.184  200 10
Australia[234,8]   128.101  -23.560  200 10
Australia[235,8]   119.942  -22.490  200 10
Australia[271,8]   116.366  -35.700  200 10
Australia[272,8]   144.000  -39.046  200 10
Australia[69,8]   116.222  -28.670  200 10
Australia[70,8]   124.252  -30.186  200 10
Australia[71,8]   132.181  -31.171  200 10
Australia[72,8]   140.065  -31.657  200 10
Australia[73,8]   147.935  -31.657  200 10
Central_Africa[176,1]    28.008   -2.308  200 10
Central_Africa[178,1]    24.243    3.845  200 10
Central_Africa[182,1]    20.423    9.981  200 10
Central_Africa[263,1]     4.131    8.551  200 10
Central_Africa[265,1]     7.992    2.308  200 10
Central_Africa[49,1]    12.654    8.573  200 10
Central_Africa[50,1]    16.238    2.848  200 10
Central_Africa[51,1]    19.762   -2.848  200 10
Central_America[236,15]   -104.044   17.452  200 10
Central_America[237,15]   -96.075   17.136  200 10
Central_America[238,15]   -88.390   16.171  200 10
Central_America[239,15]   -108.000   24.389  200 10
Central_America[240,15]   -100.089   24.184  200 10
Central_America[242,15]   -76.131    8.551  200 10
Central_America[58,15]   -80.879   14.386  200 10
Central_America[59,15]   -84.654    8.573  200 10
Central_Asia[10,10]    72.000   48.190  200 10
Central_Asia[11,10]    72.000   41.300  200 10
Central_Asia[118,10]    95.481   52.015  200 10
Central_Asia[119,10]    83.462   50.446  200 10
Central_Asia[124,10]    91.845   44.790  200 10
Central_Asia[125,10]    81.753   43.209  200 10
Central_Asia[130,10]    98.745   38.679  200 10
Central_Asia[131,10]    89.530   37.572  200 10
Central_Asia[36,10]    96.181   31.171  200 10
Central_Asia[87,10]    60.538   50.446  200 10
Central_Asia[9,10]    72.000   54.934  200 10
Central_Asia[92,10]    62.247   43.209  200 10
Central_Asia[98,10]    63.634   35.700  200 10
China[115,11]   132.538   50.446  200 10
China[116,11]   120.519   52.015  200 10
China[117,11]   108.000   52.623  200 10
China[120,11]   134.247   43.209  200 10
China[121,11]   124.155   44.790  200 10
China[122,11]   113.419   45.816  200 10
China[123,11]   102.581   45.816  200 10
China[126,11]   135.634   35.700  200 10
China[127,11]   126.470   37.572  200 10
China[128,11]   117.255   38.679  200 10
China[129,11]   108.000   39.046  200 10
China[17,11]   144.000   48.190  200 10
China[18,11]   144.000   41.300  200 10
China[37,11]   104.065   31.657  200 10
China[38,11]   111.935   31.657  200 10
China[39,11]   119.819   31.171  200 10
China[40,11]   127.748   30.186  200 10
East_Africa[177,2]    36.000   -2.368  200 10
East_Africa[179,2]    32.114    4.182  200 10
East_Africa[180,2]    39.886    4.182  200 10
East_Africa[181,2]    47.757    3.845  200 10
East_Africa[183,2]    28.198   10.656  200 10
East_Africa[184,2]    36.000   10.812  200 10
East_Africa[185,2]    43.802   10.656  200 10
East_Africa[186,2]    51.577    9.981  200 10
East_Africa[189,2]    32.044   17.452  200 10
East_Africa[190,2]    39.956   17.452  200 10
East_Africa[195,2]    28.089   24.184  200 10
East_Africa[196,2]    36.000   24.389  200 10
Europe[100,5]    45.255   38.679  200 10
Europe[101,5]    36.000   39.046  200 10
Europe[102,5]    26.745   38.679  200 10
Europe[103,5]    17.530   37.572  200 10
Europe[168,5]   -11.462   50.446  200 10
Europe[170,5]    -9.753   43.209  200 10
Europe[2,5]     0.000   54.934  200 10
Europe[3,5]     0.000   48.190  200 10
Europe[4,5]     0.000   41.300  200 10
Europe[81,5]    36.000   65.803  200 10
Europe[82,5]    17.133   64.560  200 10
Europe[84,5]    43.546   59.023  200 10
Europe[85,5]    28.454   59.023  200 10
Europe[86,5]    13.746   57.533  200 10
Europe[88,5]    48.519   52.015  200 10
Europe[89,5]    36.000   52.623  200 10
Europe[90,5]    23.481   52.015  200 10
Europe[91,5]    11.462   50.446  200 10
Europe[93,5]    52.155   44.790  200 10
Europe[94,5]    41.419   45.816  200 10
Europe[95,5]    30.581   45.816  200 10
Europe[96,5]    19.845   44.790  200 10
Europe[97,5]     9.753   43.209  200 10
Europe[99,5]    54.470   37.572  200 10
India[12,6]    72.000   34.147  200 10
India[132,6]    80.366   35.700  200 10
India[1,6]    72.000   26.565  200 10
India[200,6]    72.000   14.968  200 10
India[201,6]    76.131    8.551  200 10
India[216,6]    83.942   22.490  200 10
India[217,6]    92.101   23.560  200 10
India[33,6]    63.778   28.670  200 10
India[34,6]    80.222   28.670  200 10
India[35,6]    88.252   30.186  200 10
India[55,6]    76.745   20.355  200 10
India[56,6]    80.879   14.386  200 10
North_Africa[0,0]     0.000   26.565  200 10
North_Africa[104,0]     8.366   35.700  200 10
North_Africa[187,0]    16.390   16.171  200 10
North_Africa[188,0]    24.075   17.136  200 10
North_Africa[193,0]    11.942   22.490  200 10
North_Africa[194,0]    20.101   23.560  200 10
North_Africa[260,0]   -16.390   16.171  200 10
North_Africa[26,0]     8.222   28.670  200 10
North_Africa[261,0]   -11.942   22.490  200 10
North_Africa[262,0]     0.000   14.968  200 10
North_Africa[264,0]    -4.131    8.551  200 10
North_Africa[27,0]    16.252   30.186  200 10
North_Africa[28,0]    24.181   31.171  200 10
North_Africa[29,0]    32.065   31.657  200 10
North_Africa[46,0]    -8.222   28.670  200 10
North_Africa[47,0]     4.745   20.355  200 10
North_Africa[48,0]     8.879   14.386  200 10
North_Africa[5,0]     0.000   34.147  200 10
North_Africa[66,0]    -4.745   20.355  200 10
North_Africa[67,0]    -8.879   14.386  200 10
North_Africa[68,0]   -12.654    8.573  200 10
North_East_America[150,14]   -83.462   50.446  200 10
North_East_America[151,14]   -95.481   52.015  200 10
North_East_America[154,14]   -81.753   43.209  200 10
North_East_America[155,14]   -91.845   44.790  200 10
North_East_America[159,14]   -80.366   35.700  200 10
North_East_America[160,14]   -89.530   37.572  200 10
North_East_America[161,14]   -98.745   38.679  200 10
North_East_America[172,14]   -62.247   43.209  200 10
North_East_America[24,14]   -72.000   48.190  200 10
North_East_America[25,14]   -72.000   41.300  200 10
North_East_America[43,14]   -96.181   31.171  200 10
North_East_America[44,14]   -88.252   30.186  200 10
North_East_America[45,14]   -80.222   28.670  200 10
North_West_America[138,12]   -157.746   57.533  200 10
North_West_America[146,12]   -126.867   64.560  200 10
North_West_America[147,12]   -100.454   59.023  200 10
North_West_America[148,12]   -115.546   59.023  200 10
North_West_America[149,12]   -130.254   57.533  200 10
North_West_America[152,12]   -108.000   52.623  200 10
North_West_America[153,12]   -120.519   52.015  200 10
North_West_America[156,12]   -102.581   45.816  200 10
North_West_America[157,12]   -113.419   45.816  200 10
North_West_America[158,12]   -124.155   44.790  200 10
North_West_America[162,12]   -108.000   39.046  200 10
North_West_America[163,12]   -117.255   38.679  200 10
North_West_America[19,12]   -144.000   68.375  200 10
North_West_America[20,12]   -144.000   61.631  200 10
North_West_America[41,12]   -111.935   31.657  200 10
North_West_America[42,12]   -104.065   31.657  200 10
Siberia[105,9]   108.000   78.403  200 10
Siberia[106,9]   121.018   71.565  200 10
Siberia[107,9]    94.982   71.565  200 10
Siberia[108,9]   126.867   64.560  200 10
Siberia[109,9]   108.000   65.803  200 10
Siberia[110,9]    89.133   64.560  200 10
Siberia[111,9]   130.254   57.533  200 10
Siberia[112,9]   115.546   59.023  200 10
Siberia[113,9]   100.454   59.023  200 10
Siberia[114,9]    85.746   57.533  200 10
Siberia[133,9]   -166.982   71.565  200 10
Siberia[134,9]   166.982   71.565  200 10
Siberia[135,9]   -161.133   64.560  200 10
Siberia[136,9]   180.000   65.803  200 10
Siberia[137,9]   161.133   64.560  200 10
Siberia[13,9]   144.000   75.265  200 10
Siberia[139,9]   -172.454   59.023  200 10
Siberia[140,9]   157.746   57.533  200 10
Siberia[14,9]   144.000   68.375  200 10
Siberia[15,9]   144.000   61.631  200 10
Siberia[16,9]   144.000   54.934  200 10
Siberia[6,9]    72.000   75.265  200 10
Siberia[7,9]    72.000   68.375  200 10
Siberia[79,9]    49.018   71.565  200 10
Siberia[80,9]    54.867   64.560  200 10
Siberia[83,9]    58.254   57.533  200 10
Siberia[8,9]    72.000   61.631  200 10
South_Africa[173,3]    36.000  -14.968  200 10
South_Africa[174,3]    31.869   -8.551  200 10
South_Africa[175,3]    40.131   -8.551  200 10
South_Africa[266,3]    15.577   -9.981  200 10
South_Africa[267,3]    19.610  -16.171  200 10
South_Africa[268,3]    11.925  -17.136  200 10
South_Africa[269,3]    24.058  -22.490  200 10
South_Africa[270,3]    15.899  -23.560  200 10
South_Africa[52,3]    23.346   -8.573  200 10
South_Africa[53,3]    27.121  -14.386  200 10
South_Africa[54,3]    31.255  -20.355  200 10
South_Africa[77,3]    27.778  -28.670  200 10
South_Africa[78,3]    19.748  -30.186  200 10
South_America_North[241,16]   -67.869    8.551  200 10
South_America_North[243,16]   -64.008    2.308  200 10
South_America_North[244,16]   -72.000    2.368  200 10
South_America_North[245,16]   -60.243   -3.845  200 10
South_America_North[246,16]   -68.114   -4.182  200 10
South_America_North[247,16]   -75.886   -4.182  200 10
South_America_North[248,16]   -56.423   -9.981  200 10
South_America_North[249,16]   -64.198  -10.656  200 10
South_America_North[250,16]   -72.000  -10.812  200 10
South_America_North[251,16]   -52.390  -16.171  200 10
South_America_North[252,16]   -60.075  -17.136  200 10
South_America_North[253,16]   -68.044  -17.452  200 10
South_America_North[254,16]   -47.942  -22.490  200 10
South_America_North[257,16]   -40.131   -8.551  200 10
South_America_North[258,16]   -43.992   -2.308  200 10
South_America_North[259,16]   -47.757    3.845  200 10
South_America_North[60,16]   -59.346    8.573  200 10
South_America_North[61,16]   -55.762    2.848  200 10
South_America_North[62,16]   -52.238   -2.848  200 10
South_America_North[63,16]   -48.654   -8.573  200 10
South_America_North[64,16]   -44.879  -14.386  200 10
South_America_North[65,16]   -40.745  -20.355  200 10
South_America_South[255,17]   -56.101  -23.560  200 10
South_America_South[256,17]   -64.089  -24.184  200 10
South_America_South[273,17]   -72.000  -52.623  200 10
South_America_South[274,17]   -66.581  -45.816  200 10
South_America_South[275,17]   -72.000  -39.046  200 10
South_America_South[276,17]   -62.745  -38.679  200 10
South_America_South[277,17]   -53.530  -37.572  200 10
South_America_South[74,17]   -68.065  -31.657  200 10
South_America_South[75,17]   -60.181  -31.171  200 10
South_America_South[76,17]   -52.252  -30.186  200 10
South_East_Asia[202,7]   112.131   -8.551  200 10
South_East_Asia[203,7]   100.008   -2.308  200 10
South_East_Asia[204,7]   108.000   -2.368  200 10
South_East_Asia[205,7]   115.992   -2.308  200 10
South_East_Asia[206,7]    96.243    3.845  200 10
South_East_Asia[207,7]   104.114    4.182  200 10
South_East_Asia[208,7]   111.886    4.182  200 10
South_East_Asia[209,7]   119.757    3.845  200 10
South_East_Asia[210,7]   100.198   10.656  200 10
South_East_Asia[211,7]   108.000   10.812  200 10
South_East_Asia[212,7]   123.577    9.981  200 10
South_East_Asia[213,7]    96.075   17.136  200 10
South_East_Asia[214,7]   104.044   17.452  200 10
South_East_Asia[215,7]   119.925   17.136  200 10
South_East_Asia[218,7]   100.089   24.184  200 10
South_East_Asia[219,7]   108.000   24.389  200 10
South_East_Asia[220,7]   115.911   24.184  200 10
South_East_Asia[57,7]   120.654   -8.573  200 10
