Region 0:North_Africa
19
279
84
1
52
53
54
55
643
164
92
413
414
636
165
644
93
407
408
166
646

Region 1:Central_Africa
645
94
402
95
398
96
395
647

Region 2:East_Afica
415
416
409
403
404
405
406
410
399
400
401
396

Region 3:South_Africa
654
97
393
394
660
659
98
392
666
665
99
205
204

Region 4:Arabia
56
57
58
417
418
419
411
412

Region 5:Europe
379
18
272
17
266
271
278
277
276
16
261
265
270
257
260
264
269
275
374
256
259
263
268
274

Region 6:India
59
27
307
2
60
61
108
469
470
109
421
420

Region 7:South_East_Asia
471
472
473
464
465
459
460
454
455
467
462
456
457
451
452
453
450
121

Region 8:Australia
485
484
490
489
488
487
496
495
494
493
503
502
501
500
499
180
181
182
183
184
721
724


Region 9:Siberia
253
21
280
29
310
309
312
311
315
255
22
282
281
30
313
317
258
23
285
284
283
31
289
24
288
287
286
32

Region 10:Central_Asia
262
267
273
26
25
24
294
300
306
62
293
299
305

Region 11:China
292
291
290
33
298
297
296
295
34
304
303
302
301
63
64
65
66

Region 12:North_West_America
314
38
39
341
345
344
348
349
q355
343
354
353
361
360
80
79

Region 13:Arctic
364
365
44
368
366
336
338
337
338
340
339
47
48
378
383

Region 14:North_East_America
347
346
49
384
352
351
50
359
358
357
81
82
83

Region 15:Central_America
584
585
578
579
580
149
150
590

Region 16:South_America_North
589
158
592
591
159
622
596
595
594
160
619
600
599
598
161
617
605
604
603
162
163
609

Region 17:South_America_South
611
610
202
201
200
782
781
780
774
768
