# Age     d18Ow    d18Ow-   d18Ow+       RSL       RSL-       RSL+    Alt.Age1  Alt.Age2  Alt.Age3
0.5       0.00     0.00     0.00       0.00       0.00       0.00         0.5     0.21     0.21
2         0.00     0.00     0.00      -0.15      -0.15      -0.15           2     1.71     1.71
3.5       0.01     0.00     0.02      -1.18       0.00      -2.36         3.5     3.21     3.21
5         0.02     0.01     0.03      -2.51      -1.33      -3.69           5     4.71     4.71
6.5       0.04     0.02     0.06      -4.87      -2.51      -7.24         6.5     6.21     6.21
8         0.08     0.03     0.13      -9.74      -3.84     -15.66           8     7.71     7.71
9.5       0.21     0.10     0.32     -24.34     -11.38     -37.38         9.5     9.21     9.21
11        0.38     0.27     0.49     -44.99     -32.06     -58.06          11    10.71    10.71
12.5      0.57     0.46     0.68     -67.26     -54.36     -80.36        12.5    12.21    12.21
14        0.75     0.64     0.86     -88.94     -76.08    -102.08          14    13.71    13.71
15.5      0.89     0.78     1.00    -105.17     -92.33    -118.33        15.5    15.21    15.21
17        0.97     0.86     1.08    -114.17    -101.34    -127.34          17    16.71    16.71
18.5      1.02     0.91     1.13    -120.07    -107.25    -133.25        18.5    18.21    17.91
20        1.04     0.93     1.15    -123.02    -110.20    -136.20          20    19.71    18.90
21.5      1.02     0.91     1.13    -120.51    -107.69    -133.69        21.5    21.21    19.89
23        1.00     0.89     1.11    -117.71    -104.89    -130.89          23    22.71    20.89
24.5      0.96     0.85     1.07    -112.99    -100.16    -126.16        24.5    24.21    21.88
26        0.90     0.79     1.01    -106.20     -93.36    -119.52          26    25.71    22.87
27.5      0.84     0.73     0.95     -98.53     -85.68    -111.68        27.5    27.21    23.87
29        0.75     0.62     0.86     -88.06     -73.33    -101.19          29    28.71    24.86
30.5      0.69     0.58     0.80     -81.72     -68.74     -94.84        30.5    30.21    26.67
32        0.67     0.56     0.78     -78.47     -65.59     -91.59          32    31.71    28.48
33.5      0.67     0.56     0.78     -79.21     -66.33     -92.33        33.5    33.21    30.29
35        0.68     0.57     0.79     -80.68     -67.81     -93.81          35    34.29    31.60
36.5      0.66     0.55     0.77     -78.03     -65.15     -91.15        36.5    35.38    32.91
38        0.57     0.46     0.68     -66.73     -53.84     -79.84          38    36.46    34.22
39.5      0.53     0.42     0.64     -62.11     -49.21     -75.21        39.5    37.55    35.53
41        0.57     0.46     0.68     -67.82     -54.93     -80.93          41    38.63    36.83
42.5      0.62     0.51     0.73     -73.54     -60.66     -86.66        42.5    39.71    38.14
44        0.64     0.53     0.75     -75.60     -62.71     -88.71          44    40.80    39.45
45.5      0.62     0.51     0.73     -73.49     -60.60     -86.60        45.5    41.88    40.76
47        0.62     0.51     0.73     -73.22     -60.34     -86.34          47    42.96    42.07
48.5      0.63     0.52     0.74     -74.00     -61.11     -87.11        48.5    44.05    43.38
50        0.61     0.50     0.72     -71.61     -58.72     -84.72          50    45.13    44.68
51.5      0.58     0.47     0.69     -68.87     -55.97     -81.97        51.5    46.22    45.99
53        0.49     0.38     0.60     -57.56     -44.65     -70.65          53    47.30    47.30
54.5      0.44     0.33     0.55     -52.09     -39.17     -65.17        54.5    49.02    49.02
56        0.47     0.36     0.58     -55.90     -42.99     -68.99          56    50.73    50.73
57.5      0.51     0.40     0.62     -60.54     -47.63     -73.63        57.5    52.45    52.45
59        0.48     0.37     0.59     -56.20     -43.29     -69.29          59    54.17    54.17
60.5      0.41     0.30     0.55     -48.02     -35.09     -64.70        60.5    55.88    55.88
62        0.46     0.35     0.57     -54.74     -41.82     -67.82          62    57.60    57.60
63.5      0.63     0.52     0.74     -74.58     -61.70     -87.70        63.5    59.85    59.85
65        0.72     0.52     0.83     -84.65     -61.60     -97.78          65    62.11    62.11
66.5      0.71     0.50     0.82     -84.36     -59.53     -97.49        66.5    64.36    64.36
68        0.66     0.51     0.77     -78.05     -60.42     -91.17          68    66.61    66.61
69.5      0.65     0.53     0.76     -76.38     -62.05     -89.49        69.5    68.87    68.87
71        0.62     0.51     0.73     -72.77     -59.83     -85.88          71    71.12    71.12
72.5      0.57     0.46     0.68     -67.31     -53.92     -80.41        72.5    72.62    72.62
74        0.38     0.27     0.49     -44.38     -31.45     -57.45          74    74.11    74.11
75.5      0.34     0.23     0.45     -39.62     -26.68     -52.68        75.5    75.61    75.61
77        0.31     0.20     0.42     -36.31     -23.37     -49.37          77    77.11    77.11
78.5      0.22     0.11     0.33     -25.43     -12.47     -38.47        78.5    78.60    78.60
80        0.17     0.06     0.28     -19.70      -6.73     -32.73          80    80.10    80.10
81.5      0.16     0.05     0.27     -18.67      -5.70     -31.70        81.5    81.60    81.60
83        0.19     0.08     0.30     -22.30      -9.34     -35.34          83    83.09    83.09
84.5      0.27     0.16     0.38     -32.06     -19.11     -45.11        84.5    84.59    84.59
86        0.35     0.24     0.46     -41.87     -28.93     -54.93          86    86.09    86.09
87.5      0.41     0.29     0.52     -48.63     -34.43     -61.71        87.5    87.58    87.58
89        0.41     0.30     0.52     -48.29     -35.37     -61.37          89    89.08    89.08
90.5      0.40     0.29     0.51     -47.19     -34.26     -60.26        90.5    90.58    90.58
92        0.36     0.25     0.47     -42.20     -29.27     -55.27          92    92.07    92.07
93.5      0.29     0.18     0.40     -34.74     -21.79     -47.79        93.5    93.57    93.57
95        0.23     0.12     0.34     -27.02     -14.07     -40.07          95    95.07    95.07
96.5      0.23     0.12     0.34     -27.59     -14.64     -40.64        96.5    96.56    96.56
98        0.24     0.13     0.35     -27.81     -14.85     -40.85          98    98.06    98.06
99.5      0.20     0.09     0.31     -23.84     -10.87     -36.87        99.5    99.56    99.56
101       0.18     0.07     0.29     -20.86      -7.89     -33.89         101   101.05   101.05
102.5     0.18     0.07     0.29     -21.18      -8.22     -34.22       102.5   102.55   102.55
104       0.24     0.13     0.35     -27.79     -14.83     -40.83         104   104.05   104.05
105.5     0.27     0.16     0.38     -31.61     -18.66     -44.66       105.5   105.54   105.54
107       0.32     0.21     0.43     -38.03     -25.09     -51.09         107   107.04   107.04
108.5     0.38     0.27     0.49     -44.62     -31.69     -57.69       108.5   108.54   108.54
110       0.38     0.27     0.49     -44.72     -31.79     -57.79         110   110.03   110.03
111.5     0.35     0.24     0.46     -40.94     -28.00     -54.00       111.5   111.53   111.53
113       0.23     0.12     0.34     -26.69     -13.74     -39.74         113   113.03   113.03
114.5     0.14     0.03     0.25     -17.10      -4.12     -30.12       114.5   114.52   114.52
116       0.10    -0.01     0.21     -11.42       1.56     -24.44         116   116.02   116.02
117.5     0.05    -0.06     0.16      -5.45       7.54     -18.46       117.5   117.52   117.52
119       0.01    -0.10     0.12      -1.16      11.84     -14.16         119   119.01   119.01
121.438  -0.02    -0.13     0.09       2.20      15.20     -10.80       120.5   120.51   120.51
123.875  -0.05    -0.16     0.06       6.30      19.31      -6.69         122   122.01   122.01
126.313  -0.04    -0.15     0.07       4.91      17.92      -8.08       123.5   123.50   123.50
128.75    0.01    -0.10     0.12      -1.25      11.75     -14.66         125   125.00   125.00
131.188   0.25     0.14     0.40     -29.39     -16.43     -47.65       126.5   126.47   126.47
132.714   0.58     0.47     0.69     -68.43     -55.54     -81.54         128   127.95   127.95
133.786   0.72     0.61     0.93     -84.62     -71.75    -109.87       129.5   129.42   129.42
134.857   0.94     0.83     1.05    -111.46     -98.63    -124.63         131   130.90   130.90
135.929   1.06     0.95     1.17    -125.54    -112.73    -138.73       132.5   132.37   132.37
137       1.09     0.98     1.20    -128.94    -116.14    -142.14         134   133.84   133.84
138.071   1.08     0.97     1.19    -127.05    -114.25    -140.25       135.5   135.32   135.32
139.143   1.03     0.92     1.14    -121.41    -108.60    -134.60         137   136.79   136.79
140.214   0.99     0.88     1.10    -117.27    -104.45    -130.45       138.5   138.27   138.27
141.286   0.96     0.79     1.07    -113.29     -92.85    -126.46         140   139.74   139.74
142.357   0.92     0.70     1.03    -108.60     -82.57    -121.77       141.5   141.21   141.21
143.429   0.89     0.62     1.00    -105.02     -73.14    -118.18         143   142.69   142.69
144.5     0.88     0.61     0.99    -103.84     -71.92    -117.00       144.5   144.16   144.16
146       0.89     0.67     1.00    -105.02     -79.46    -118.18         146   145.64   145.64
147.5     0.96     0.74     1.07    -113.28     -87.13    -126.45       147.5   147.11   147.11
149       1.01     0.78     1.12    -118.79     -92.37    -131.97         149   149.24   149.24
150.5     1.02     0.80     1.13    -119.99     -94.96    -133.17       150.5   151.37   151.37
152       1.01     0.80     1.12    -118.94     -94.31    -132.12         152   153.50   153.50
153.5     0.95     0.75     1.06    -111.98     -89.18    -125.15       153.5   155.63   155.63
155       0.81     0.70     0.92     -95.63     -82.78    -108.78         155   157.76   157.76
156.5     0.65     0.54     0.76     -76.94     -64.06     -90.06       156.5   159.89   159.89
158       0.72     0.61     0.83     -85.45     -71.98     -98.58         158   160.87   160.87
159.5     0.76     0.59     0.87     -89.35     -69.17    -102.49       159.5   161.86   161.86
161       0.67     0.56     0.78     -79.08     -66.20     -92.20         161   162.84   162.84
162.5     0.67     0.56     0.78     -78.58     -65.65     -91.70       162.5   163.83   163.83
164       0.54     0.43     0.65     -64.06     -51.16     -77.16         164   164.81   164.81
165.5     0.44     0.33     0.55     -51.41     -38.49     -64.49       165.5   165.80   165.80
167       0.42     0.31     0.53     -49.53     -36.61     -62.61         167   166.78   166.78
168.5     0.49     0.38     0.60     -57.44     -44.53     -70.53       168.5   167.76   167.76
170       0.56     0.45     0.67     -66.06     -53.16     -79.16         170   168.75   168.75
171.5     0.65     0.54     0.76     -76.51     -63.63     -89.63       171.5   169.73   169.73
173       0.66     0.55     0.77     -77.72     -64.84     -90.84         173   170.72   170.72
174.5     0.62     0.51     0.73     -72.70     -59.81     -85.81       174.5   171.70   171.70
176       0.58     0.47     0.69     -67.91     -55.01     -81.01         176   172.69   172.69
177.5     0.57     0.46     0.68     -67.24     -54.35     -80.35       177.5   173.67   173.67
179       0.64     0.53     0.75     -75.06     -62.18     -88.18         179   175.97   175.97
180.5     0.70     0.59     0.81     -82.77     -69.90     -95.90       180.5   178.28   178.28
182       0.72     0.61     0.83     -85.09     -72.22     -98.22         182   180.58   180.58
183.5     0.73     0.62     0.84     -86.15     -73.28     -99.28       183.5   182.89   182.89
185       0.68     0.57     0.79     -80.33     -67.46     -93.46         185   185.19   185.19
186.5     0.62     0.51     0.73     -73.35     -60.46     -86.46       186.5   186.66   186.66
188       0.53     0.42     0.64     -63.07     -50.17     -76.17         188   188.14   188.14
189.5     0.40     0.29     0.51     -47.49     -34.57     -60.57       189.5   189.61   189.61
191       0.28     0.17     0.39     -33.15     -20.21     -46.21         191   191.08   191.08
192.5     0.20     0.09     0.31     -23.33     -10.37     -36.37       192.5   192.58   192.58
194       0.17     0.06     0.28     -19.59      -6.62     -32.62         194   194.07   194.07
195.5     0.11     0.00     0.22     -13.37      -0.39     -26.39       195.5   195.57   195.57
197       0.08    -0.03     0.19      -9.68       3.30     -22.70         197   197.07   197.07
198.5     0.14     0.03     0.25     -16.10      -3.13     -29.13       198.5   198.57   198.57
200       0.22     0.10     0.33     -26.24     -11.37     -39.28         200   200.06   200.06
201.5     0.22     0.09     0.33     -25.66     -11.07     -38.70       201.5   201.56   201.56
203       0.15     0.04     0.26     -17.55      -4.57     -30.57         203   203.06   203.06
204.5     0.13     0.02     0.24     -15.05      -2.08     -28.08       204.5   204.55   204.55
206       0.11     0.00     0.22     -12.85       0.13     -25.87         206   206.05   206.05
207.5     0.09    -0.02     0.20     -10.78       2.20     -23.80       207.5   207.55   207.55
209       0.08    -0.03     0.19      -9.53       3.46     -22.54         209   209.04   209.04
210.5     0.07    -0.04     0.18      -8.30       4.69     -21.31       210.5   210.54   210.54
212       0.05    -0.06     0.16      -5.54       7.45     -18.55         212   212.04   212.04
213.5     0.03    -0.08     0.14      -3.95       9.05     -16.95       213.5   213.54   213.54
215       0.03    -0.08     0.14      -3.54       9.45     -16.55         215   215.03   215.03
216.5     0.03    -0.08     0.14      -3.55       9.44     -16.56       216.5   216.53   216.53
218       0.05    -0.06     0.16      -6.06       6.93     -19.07         218   218.03   218.03
219.5     0.10    -0.01     0.21     -11.62       1.36     -24.64       219.5   219.52   219.52
221       0.14     0.03     0.25     -16.17      -3.19     -29.19         221   221.02   221.02
222.5     0.21     0.10     0.33     -24.47     -11.51     -39.04       222.5   222.52   222.52
224       0.46     0.35     0.57     -53.98     -41.07     -67.07         224   224.02   224.02
225.5     0.70     0.47     0.81     -83.15     -55.81     -96.27       225.5   225.51   225.51
227       0.68     0.48     0.79     -80.80     -57.17     -93.93         227   227.01   227.01
228.5     0.57     0.46     0.68     -67.59     -54.70     -80.70       228.5   228.51   228.51
230       0.53     0.41     0.64     -62.42     -48.53     -75.52         230   230.00   230.00
231.5     0.44     0.32     0.55     -52.26     -37.64     -65.34       231.5   231.50   231.50
233       0.23     0.12     0.34     -26.74     -13.78     -39.78         233   234.44   234.44
234.5     0.10    -0.01     0.21     -11.70       1.28     -24.72       234.5   237.81   237.81
236       0.08    -0.03     0.19      -9.38       3.60     -22.40         236   241.19   241.19
237.5     0.19     0.06     0.30     -22.16      -6.96     -35.19       237.5   242.26   242.26
239       0.22     0.11     0.33     -25.38     -12.42     -38.42         239   243.33   243.33
240.5     0.29     0.18     0.40     -33.69     -20.74     -46.74       240.5   244.40   244.40
242       0.40     0.29     0.51     -47.76     -34.83     -60.83         242   245.46   245.46
243.5     0.53     0.42     0.64     -61.97     -49.06     -75.06       243.5   246.53   246.53
245       0.70     0.59     0.81     -82.83     -69.96     -95.96         245   247.60   247.60
246.5     0.84     0.73     0.95     -98.66     -85.82    -111.82       246.5   249.02   249.02
248       0.90     0.79     1.01    -106.09     -93.25    -119.25         248   250.43   250.43
249.5     0.92     0.81     1.03    -108.11     -95.27    -121.27       249.5   251.85   251.85
251       0.89     0.69     1.00    -105.01     -81.14    -118.17         251   253.26   253.26
252.5     0.82     0.64     0.93     -96.41     -75.34    -109.56       252.5   254.68   254.68
254       0.76     0.59     0.87     -89.79     -69.76    -102.93         254   256.09   256.09
255.5     0.75     0.54     0.86     -88.48     -64.07    -101.61       255.5   257.51   257.51
257       0.77     0.48     0.88     -91.34     -56.28    -104.48         257   258.93   258.93
258.5     0.74     0.45     0.85     -86.89     -52.60    -100.02       258.5   260.34   260.34
260       0.71     0.45     0.82     -84.22     -53.29     -97.35         260   261.76   261.76
261.5     0.73     0.48     0.84     -86.36     -56.78     -99.49       261.5   263.17   263.17
263       0.77     0.50     0.88     -90.62     -59.51    -103.76         263   264.59   264.59
264.5     0.78     0.50     0.89     -92.11     -59.61    -105.25       264.5   266.00   266.00
266       0.77     0.50     0.88     -90.74     -58.85    -103.87         266   267.42   267.42
267.5     0.77     0.49     0.88     -90.54     -58.28    -103.68       267.5   268.83   268.83
269       0.80     0.49     0.91     -94.23     -58.48    -107.38         269   270.25   270.25
270.5     0.79     0.52     0.90     -93.69     -61.93    -106.83       270.5   271.67   271.67
272       0.70     0.57     0.81     -82.95     -67.25     -96.08         272   273.08   273.08
273.5     0.58     0.47     0.69     -68.65     -55.76     -81.76       273.5   274.50   274.50
275       0.57     0.46     0.68     -66.84     -53.95     -79.95         275   275.91   275.91
276.5     0.61     0.50     0.72     -72.07     -59.18     -85.18       276.5   277.33   277.33
278       0.60     0.47     0.71     -70.42     -54.99     -83.53         278   278.74   278.74
279.5     0.49     0.38     0.60     -57.80     -44.89     -70.89       279.5   280.16   280.16
281       0.36     0.25     0.47     -42.77     -29.84     -55.84         281   281.58   281.58
282.5     0.24     0.13     0.35     -27.74     -14.79     -40.79       282.5   283.00   283.00
284       0.15     0.04     0.26     -18.01      -5.03     -31.03         284   284.41   284.41
285.5     0.15     0.04     0.26     -17.61      -4.64     -30.64       285.5   285.83   285.83
287       0.14     0.03     0.25     -16.37      -3.40     -29.40         287   287.25   287.25
288.5     0.14     0.03     0.25     -16.88      -3.90     -29.90       288.5   288.67   288.67
290       0.23     0.12     0.34     -27.12     -14.16     -40.16         290   290.08   290.08
291.5     0.35     0.24     0.46     -41.02     -28.08     -54.08       291.5    291.5    291.5
293       0.40     0.29     0.51     -46.95     -34.02     -60.02         293      293      293
294.5     0.42     0.31     0.53     -49.62     -36.70     -62.70       294.5    294.5    294.5
296       0.47     0.36     0.58     -55.55     -42.64     -68.64         296      296      296
297.5     0.51     0.40     0.62     -59.66     -46.75     -72.75       297.5    297.5    297.5
299       0.52     0.41     0.63     -61.01     -48.10     -74.10         299      299      299
300.5     0.45     0.34     0.56     -53.54     -40.62     -66.62       300.5    300.5    300.5
302       0.36     0.25     0.47     -42.03     -29.10     -55.10         302      302      302
303.5     0.27     0.16     0.38     -32.30     -19.35     -45.35       303.5    303.5    303.5
305       0.25     0.14     0.36     -29.43     -16.47     -42.47         305      305      305
306.5     0.24     0.13     0.35     -28.88     -15.92     -41.92       306.5    306.5    306.5
308       0.25     0.14     0.36     -29.46     -16.50     -42.50         308      308      308
309.5     0.22     0.11     0.33     -25.37     -12.41     -38.41       309.5    309.5    309.5
311       0.16     0.05     0.27     -19.44      -6.47     -32.47         311      311      311
312.5     0.13     0.02     0.24     -15.90      -2.93     -28.93       312.5    312.5    312.5
314       0.14     0.03     0.25     -17.11      -4.13     -30.13         314      314      314
315.5     0.16     0.05     0.27     -18.86      -5.89     -31.89       315.5    315.5    315.5
317       0.18     0.07     0.29     -21.15      -8.18     -34.18         317      317      317
318.5     0.18     0.07     0.29     -21.61      -8.64     -34.64       318.5    318.5    318.5
320       0.18     0.07     0.29     -21.73      -8.76     -34.76         320      320      320
321.5     0.15     0.04     0.26     -17.16      -4.18     -30.18       321.5    321.5    321.5
323       0.07    -0.04     0.18      -8.19       4.80     -21.20         323      323      323
324.5     0.02    -0.09     0.13      -2.79      10.21     -15.79       324.5    324.5    324.5
326       0.01    -0.10     0.12      -1.08      11.92     -14.08         326      326      326
327.5    -0.01    -0.12     0.10       0.60      13.60     -12.40       327.5    327.5    327.5
329      -0.03    -0.14     0.08       3.76      16.77      -9.23         329      329      329
330.5    -0.04    -0.15     0.07       4.68      17.69      -8.31       330.5    330.5    330.5
332      -0.03    -0.14     0.08       3.42      16.42      -9.91         332      332      332
333.5     0.05    -0.06     0.25      -5.65       7.34     -29.63       333.5    333.5    333.5
335       0.25     0.14     0.50     -30.00     -17.05     -59.65         335      335      335
336.5     0.45     0.34     0.65     -53.32     -40.40     -76.64       336.5    336.5    336.5
338       0.66     0.55     0.77     -78.22     -65.34     -91.34         338      338      338
339.5     0.84     0.73     0.95     -99.48     -86.63    -112.63       339.5    339.5    339.5
341       0.97     0.86     1.08    -114.62    -101.79    -127.79         341      341      341
342.5     1.06     0.95     1.17    -124.99    -111.95    -138.19       342.5    342.5    342.5
344       1.07     0.92     1.18    -125.84    -108.14    -139.03         344      344      344
345.5     1.00     0.86     1.11    -118.09    -101.86    -131.27       345.5    345.5    345.5
347       0.89     0.78     1.00    -105.40     -91.92    -118.57         347      347      347
348.5     0.75     0.64     0.86     -88.41     -75.54    -101.54       348.5    348.5    348.5
350       0.61     0.50     0.72     -71.41     -58.52     -84.52         350      350      350
351.5     0.72     0.59     0.83     -84.80     -69.88     -97.93       351.5    351.5    351.5
353       0.67     0.56     0.78     -79.52     -66.64     -92.64         353      353      353
354.5     0.61     0.50     0.72     -71.81     -58.92     -84.92       354.5    354.5    354.5
356       0.57     0.46     0.68     -67.67     -54.78     -80.78         356      356      356
357.5     0.52     0.41     0.63     -60.81     -47.90     -73.90       357.5    357.5    357.5
359       0.45     0.34     0.56     -53.18     -40.26     -66.26         359      359      359
360.5     0.46     0.35     0.57     -54.46     -41.55     -67.55       360.5    360.5    360.5
362       0.45     0.34     0.56     -53.58     -40.66     -66.66         362      362      362
363.5     0.43     0.32     0.54     -51.19     -38.27     -64.27       363.5    363.5    363.5
365       0.39     0.28     0.50     -46.17     -33.24     -59.24         365      365      365
366.5     0.35     0.24     0.46     -40.96     -28.03     -54.03       366.5    366.5    366.5
368       0.35     0.24     0.46     -41.75     -28.81     -54.81         368      368      368
369.5     0.37     0.26     0.48     -43.45     -30.52     -56.52       369.5    369.5    369.5
371       0.34     0.23     0.45     -40.37     -27.43     -53.43         371      371      371
372.5     0.29     0.18     0.40     -34.76     -21.81     -47.81       372.5    372.5    372.5
374       0.26     0.15     0.37     -30.37     -17.41     -43.41         374      374      374
375.5     0.23     0.12     0.38     -27.56     -14.61     -44.32       375.5    375.5    375.5
377       0.21     0.10     0.38     -25.31     -12.35     -44.32         377      377      377
378.5     0.21     0.10     0.34     -24.98     -12.02     -39.74       378.5    378.5    378.5
380       0.21     0.10     0.32     -24.65     -11.69     -37.69         380      380      380
381.5     0.18     0.07     0.29     -21.70      -8.74     -34.74       381.5    381.5    381.5
383       0.16     0.05     0.27     -18.76      -5.79     -31.79         383      383      383
384.5     0.13     0.02     0.24     -15.81      -2.84     -28.84       384.5    384.5    384.5
386       0.11     0.00     0.22     -12.87       0.11     -25.89         386      386      386
387.5     0.08    -0.03     0.19      -9.92       3.06     -22.94       387.5    387.5    387.5
389       0.05    -0.06     0.16      -6.16       6.83     -19.17         389      389      389
390.5     0.06    -0.05     0.17      -6.54       6.45     -19.55       390.5    390.5    390.5
392       0.04    -0.07     0.15      -4.78       8.21     -17.79         392      392      392
393.5     0.03    -0.08     0.14      -3.02       9.97     -16.03       393.5    393.5    393.5
395       0.01    -0.10     0.12      -1.27      11.73     -14.27         395      395      395
396.5    -0.01    -0.12     0.10       0.62      13.62     -12.38       396.5    396.5    396.5
398      -0.02    -0.13     0.09       2.57      15.57     -10.43         398      398      398
399.5    -0.04    -0.15     0.07       4.51      17.52      -8.48       399.5    399.5    399.5
401      -0.05    -0.16     0.06       6.46      19.47      -6.53         401      401      401
402.5    -0.05    -0.16     0.06       5.48      18.48      -7.52       402.5    402.5    402.5
404      -0.04    -0.15     0.07       4.49      17.50      -8.50         404      404      404
405.5    -0.04    -0.15     0.07       5.25      18.26      -7.74       405.5    405.5    405.5
407      -0.05    -0.16     0.06       6.43      19.44      -6.56         407      407      407
408.5    -0.05    -0.16     0.06       5.68      18.69      -7.31       408.5    408.5    408.5
410      -0.03    -0.14     0.08       3.71      16.72      -9.28         410      410      410
411.5    -0.01    -0.12     0.10       1.74      14.74     -11.26       411.5    411.5    411.5
413       0.00    -0.11     0.13      -0.23      12.77     -14.77         413      413      413
414.5     0.03    -0.08     0.23      -3.52       9.47     -26.74       414.5    414.5    414.5
416       0.10    -0.01     0.37     -11.69       1.29     -43.14         416      416      416
417.5     0.17     0.06     0.48     -19.86      -6.89     -56.28       417.5    417.5    417.5
419       0.24     0.13     0.56     -28.02     -15.07     -65.59         419      419      419
420.5     0.31     0.20     0.60     -36.19     -23.25     -70.47       420.5    420.5    420.5
422       0.38     0.27     0.61     -44.62     -31.68     -71.80         422      422      422
423.5     0.45     0.34     0.60     -53.10     -40.18     -70.76       423.5    423.5    423.5
425       0.52     0.41     0.63     -61.59     -48.68     -74.68         425      425      425
426.5     0.59     0.48     0.70     -70.07     -57.18     -83.18       426.5    426.5    426.5
428       0.69     0.58     0.80     -81.32     -68.45     -94.45         428      428      428
429.5     0.82     0.71     0.93     -96.60     -83.75    -109.75       429.5    429.5    429.5


